3,2
10,162
10,270
10,142
10,246
10,18
10,2
11,16
9,7
9,4
9,6
9,2
9,3
8,5
8,17
8,13
8,15
8,9
8,2
8,3
2,2
2,1
2,3
28,2
28,0
27,3
27,2
27,1
27,0
20,3
20,2
20,1
19,3
19,2
19,1
18,3
18,1
14,3
14,1
13,3
13,1
12,3
12,2
12,1
11,29
11,28
11,27
11,26
11,25
11,24
11,23
11,22
11,21
11,20
11,19
11,18
11,17
11,15
11,14
11,13
11,12
11,11
11,10
11,9
11,8
11,7
11,6
11,5
11,4
11,3
11,2
11,1
10,308
10,300
10,298
10,287
10,278
10,275
10,269
10,267
10,258
10,257
10,252
10,245
10,244
10,243
10,240
10,235
10,210
10,202
